1764683913792 0.0 0
1764683919757 0.0 1
1764683925696 0.0 2
1764683931550 0.0 3
1764683938248 0.0 4
1764683944573 0.0 5
1764683950557 0.0 6
1764683957270 0.0 7
1764683963503 0.0 8
1764683969660 0.0 9
1764683975763 0.0 10
1764683981903 0.0 11
1764683987931 0.0 12
1764683993951 0.0 13
1764684000069 0.0 14
1764684006559 0.0 15
1764684012800 0.0 16
1764684019122 0.0 17
1764684025563 0.0 18
1764684031790 0.0 19
1764684038223 0.0 20
1764684044803 0.0 21
1764684051082 0.0 22
1764684057633 0.0 23
1764684063649 0.0 24
1764684069692 0.0 25
1764684076237 0.0 26
1764684082498 0.0 27
1764684089396 0.0 28
1764684096262 0.0 29
1764684104127 0.0 30
1764684110489 0.0 31
1764684116884 0.0 32
1764684122939 0.0 33
1764684129146 0.0 34
1764684135642 0.0 35
1764684141974 0.0 36
