1764683913792 0.0625 0
1764683919757 0.96875 1
1764683925696 1.0 2
1764683931550 1.0 3
1764683938248 1.0 4
1764683944573 1.0 5
1764683950557 1.0 6
1764683957270 1.0 7
1764683963503 1.0 8
1764683969660 1.0 9
1764683975763 1.0 10
1764683981903 1.0 11
1764683987931 1.0 12
1764683993951 1.0 13
1764684000069 1.0 14
1764684006559 1.0 15
1764684012800 1.0 16
1764684019122 1.0 17
1764684025563 1.0 18
1764684031790 1.0 19
1764684038223 1.0 20
1764684044803 1.0 21
1764684051082 1.0 22
1764684057633 1.0 23
1764684063649 1.0 24
1764684069692 1.0 25
1764684076237 1.0 26
1764684082498 1.0 27
1764684089396 1.0 28
1764684096262 1.0 29
1764684104127 1.0 30
1764684110489 1.0 31
1764684116884 1.0 32
1764684122939 1.0 33
1764684129146 1.0 34
1764684135642 1.0 35
1764684141974 1.0 36
