1764683913792 1.2122434377670288 0
1764683919757 0.34438642859458923 1
1764683925696 0.08876204490661621 2
1764683931550 0.03186189383268356 3
1764683938248 0.012998481281101704 4
1764683944573 0.0050769951194524765 5
1764683950557 0.002574834506958723 6
1764683957270 0.00162622076459229 7
1764683963503 0.0009504147456027567 8
1764683969660 0.0005991412326693535 9
1764683975763 0.00019586272537708282 10
1764683981903 0.0002493969805072993 11
1764683987931 0.00011760173947550356 12
1764683993951 7.532978634117171e-05 13
1764684000069 5.594273898168467e-05 14
1764684006559 4.3183867092011496e-05 15
1764684012800 5.458874147734605e-05 16
1764684019122 6.066804053261876e-05 17
1764684025563 2.6474188416614197e-05 18
1764684031790 5.1926654123235494e-05 19
1764684038223 4.0409471694147214e-05 20
1764684044803 2.753959779511206e-05 21
1764684051082 2.04696916625835e-05 22
1764684057633 2.0544235667330213e-05 23
1764684063649 2.033180498983711e-05 24
1764684069692 2.1017316612415016e-05 25
1764684076237 1.1156964319525287e-05 26
1764684082498 1.3101523109071422e-05 27
1764684089396 1.3556028534367215e-05 28
1764684096262 1.3574603144661523e-05 29
1764684104127 7.454166279785568e-06 30
1764684110489 1.255394090549089e-05 31
1764684116884 1.2509271982708015e-05 32
1764684122939 1.0780768207041547e-05 33
1764684129146 9.707899152999744e-06 34
1764684135642 9.01502153283218e-06 35
1764684141974 1.209205947816372e-05 36
